"spawn_point":
            {
                "x": -514.2359008789062,
                "y": -178.52171325683594,
                "z": 0.6000000238418579,
                "pitch": 180.0,
                "yaw": 90.3575210571289,
                "roll": 180.0
            }